accuracy1/online/main/E1: 0.7193456888198853
accuracy1/online/main/E1/last: 0.7193456888198853
accuracy1/online/main/E1/max: 0.7200708389282227
accuracy1/online/main/U50: 0.7220702767372131
accuracy1/online/main/U50/last: 0.7220702767372131
accuracy1/online/main/U50/max: 0.75355464220047
accuracy1/val/main: 0.8145599961280823
accuracy1/val/main/last: 0.8145599961280823
accuracy1/val/main/max: 0.8154799938201904
ds_stats/train/len: 1281167
ds_stats/val/len: 50000
epoch: 400
loss/online/main/E1: 1.7104148864746094
loss/online/main/E1/last: 1.7104148864746094
loss/online/main/E1/min: 1.7104148864746094
loss/online/main/U50: 1.6976921558380127
loss/online/main/U50/last: 1.6976921558380127
loss/online/main/U50/min: 1.6108229160308838
loss/online/total/E1: 1.7104148864746094
loss/online/total/E1/last: 1.7104148864746094
loss/online/total/E1/min: 1.7104148864746094
loss/online/total/U50: 1.6976921558380127
loss/online/total/U50/last: 1.6976921558380127
loss/online/total/U50/min: 1.6108229160308838
loss/val/main: 0.80078125
loss/val/main/last: 0.80078125
loss/val/main/min: 0.79296875
param_count/vislstm/frozen: 0
param_count/vislstm/trainable: 89223592
sample: 512409600
